54426
62871
56120
62185
12997
56212
2635
31380
58802
38587
29852
3726
42691
26929
21376
52657
63889
11564
65430
59062
51478
41273
27305
48450
11880
57085
62042
60912
41942
30363
19416
20860
2284
30159
51947
26282
8239
59719
35562
14831
8828
52452
30196
55284
51237
36075
61750
5768
45434
6774
11115
27917
29026
39339
63588
15367
466
3029
34938
12683
3234
17257
39040
65460
63719
26607
21896
53783
61084
21614
47822
28815
11612
61502
46677
51203
59524
4232
42484
18000
61567
33865
31120
39993
28531
13798
58224
47318
58435
8229
56409
15430
58212
35160
29050
58607
24071
10939
23938
12934
49033
48039
36812
23959
58281
44204
11163
61618
7976
40506
6372
35600
34206
29973
20496
16967
35653
36152
9404
33655
46588
58789
63720
27297
30405
44503
42270
6836
33222
7085
10719
26796
10201
8081
50937
493
48862
28710
44288
22667
3793
34657
10080
61654
54891
54487
20974
61859
45991
27735
22057
64906
20638
26907
27258
44499
29934
46349
45893
31171
11283
48352
64064
15578
19437
13790
28494
59043
22607
40171
15971
34097
43784
42974
23262
53851
24591
61319
2476
39383
21714
37108
15285
48488
28002
7437
61582
47818
47970
40360
37305
30517
22221
48131
26604
44099
4286
44391
4438
48212
20968
48309
51350
28385
45696
23138
39894
17059
15676
7304
41176
43343
1032
5715
10660
51720
12373
15732
56473
57905
7130
3506
60826
15008
9789
23119
5082
65344
57851
58170
62423
21385
9190
13545
48802
23792
24174
64964
41389
61343
12592
1827
9365
14365
41
37588
51113
28639
55442
62574
40397
4461
38428
53346
27087
27963
42640
46453
8636
10377
36125
34992
64895
28187
20368
64460
12311
11093
50913
35664
40866
64977
47015
6127
55077
48054
1873
26253
45331
11968
5497
49137
63977
31906
34520
42221
23144
16890
52816
29073
6
60802
45446
47743
45959
59794
30448
52911
51283
31011
31774
48665
44723
23788
39383
32585
3698
50104
365
47829
29172
16579
33006
39033
29436
29108
19327
56923
32013
14007
17888
17436
64764
22389
17818
2247
54628
49803
55696
26919
15050
16400
54524
19278
29836
5493
34924
24772
8091
16301
65498
45790
24908
14882
48782
22718
23094
54347
56097
21589
11878
3662
29682
57312
10424
60889
45269
61483
5486
28952
46642
15677
40023
21748
29239
43914
34669
3946
14978
40859
55161
52679
4607
19774
55349
16926
49135
58983
4010
49874
54337
9467
40071
33731
20233
49638
1079
14735
64234
17373
28296
7714
4489
11422
10622
20813
30418
62756
3863
53726
37276
52260
47
37545
28385
30344
17929
25824
44498
39862
61216
58490
32694
51122
30297
13923
29672
24428
32098
4394
36827
2228
38607
12746
25078
49874
63929
26050
62830
18309
8884
48031
17057
45632
29615
6692
29635
52443
41359
32348
63075
29249
27099
57405
18560
61689
38914
20196
278
13524
47129
11820
6419
16700
3903
47821
41023
28775
8134
38306
4768
18294
25539
13525
33747
2255
15175
49405
63424
38004
46886
15920
115
28319
52578
31969
10404
51003
13392
23947
46931
13720
9273
35658
60288
10953
20578
12006
15691
18217
46826
56166
23634
11383
22013
22952
16333
49698
15401
10155
29792
23875
54249
50314
941
52507
14157
59894
35588
59550
64296
61769
57104
7484
24747
2991
35501
27527
37876
1070
31964
46930
23872
46647
54809
57098
62535
40413
19833
32107
61686
11802
33590
55671
19937
22536
34263
28521
13836
45531
8766
49625
48359
26593
29425
8510
27500
60220
49373
45456
48017
41855
46407
52666
39682
41068
14990
43022
662
59774
11534
39216
45130
63602
12411
25877
26923
46233
64774
2901
38579
54463
13439
46593
2770
30474
3901
33801
40599
30667
52258
17144
54368
13270
62513
29452
46801
61197
61866
61703
40155
44661
51718
26304
65
31952
41635
48777
6688
29538
5850
39541
57285
36006
56419
38754
21633
61069
9823
35049
64110
37745
8314
65255
47034
48823
34884
11255
30464
39510
15394
38264
33515
30515
49690
65183
30469
6673
38653
28727
9346
2972
9402
35547
63738
14949
48843
61771
580
13163
64095
18681
15462
32703
16106
20386
18645
11659
61425
55903
20450
28474
5051
17714
41325
28243
45373
13820
43096
46988
13127
27406
6054
60538
11531
12491
32781
64425
46521
41697
3217
62462
56151
59673
17199
29191
8595
36261
53102
40966
44322
65424
32524
10720
16555
30629
22464
24373
660
13605
40989
60892
44110
21017
42909
12295
8557
63846
19075
27127
61483
19187
36973
38170
10997
45278
16320
28826
48338
21424
61301
39813
32248
65392
37799
63787
9196
28723
64233
44970
50801
12018
27103
47259
16771
63249
58206
26381
47600
56931
38009
688
1777
1229
57555
55343
42222
33412
13151
63757
5460
17370
48562
37748
31364
58545
58291
60216
46748
54146
5496
53900
3404
47422
9570
12583
3481
34801
51184
65010
30038
39611
23657
47118
34445
62980
38181
14957
27773
13280
15020
61304
27446
48549
29045
19117
38788
9730
28249
49890
15957
19919
58486
45926
18367
18006
10278
53861
11291
60806
45205
47772
15940
8288
27639
11053
28165
11599
5263
36069
24281
18514
9643
22205
64025
1293
13116
36315
3606
60482
43819
46660
13957
51775
37198
39703
11134
16234
44022
50562
46089
56064
9202
54101
13699
52971
36284
3847
8902
21077
7795
17833
10930
35769
56528
20933
52803
23197
34910
50910
10362
22962
50808
38457
61130
47919
43190
3439
40274
16387
35438
47028
1906
3720
32314
7849
8502
60240
28685
13433
22904
42625
53206
2543
44201
3681
4868
60867
11954
33918
56247
59689
62406
21031
51856
57057
24140
62347
20122
8148
8213
62062
34184
47357
63500
17101
63578
56396
279
55442
46277
48966
29655
54993
42439
61752
4299
505
50355
13689
7226
18571
41805
14119
22179
17468
13838
12576
44054
37146
44806
51428
18597
3383
40230
41966
16590
20890
35872
38649
18348
37233
44565
1044
54164
7852
64712
359
14603
63362
981
3446
26014
22372
41729
24733
3336
29569
32550
46369
60529
30676
11280
43287
46824
61843
61848
36455
54414
1895
13671
40790
14472
58140
18500
36724
41512
15280
36156
25585
59581
65092
37112
22875
53418
10365
52274
31241
2288
17333
1002
58843
37693
56886
51391
52321
5054
27350
45868
50009
33174
10218
4158
40915
60288
59625
41091
54753
36273
45705
25805
54257
13580
9148
49483
59932
55374
18224
14956
19719
